kelly01.ccvrp	6683.49	0.147
Trip 0 (DEM=270)(DIST=244.798) =  1 13 14 15 56 55 54 53 93 52 51 50 11 12 1
Trip 1 (DEM=540)(DIST=925.27) =  1 156 155 154 153 152 192 193 194 195 233 232 231 230 191 190 189 229 228 227 226 225 186 187 188 148 147 1
Trip 2 (DEM=380)(DIST=1035.03) =  1 236 235 234 221 220 180 181 182 183 222 223 224 184 185 146 145 144 143 1
Trip 3 (DEM=520)(DIST=652.575) =  1 81 42 43 44 45 46 47 90 89 88 87 86 85 84 83 123 122 161 160 162 163 164 124 125 126 127 1
Trip 4 (DEM=530)(DIST=341.022) =  1 18 17 16 10 9 49 48 8 7 6 5 4 3 2 41 40 39 38 37 36 77 76 75 74 73 72 35 1
Trip 5 (DEM=530)(DIST=708.402) =  1 96 97 137 136 135 174 175 176 177 178 138 139 140 141 142 98 99 100 101 102 103 104 105 106 64 63 62 1
Trip 6 (DEM=500)(DIST=322.859) =  1 20 19 57 58 59 60 61 21 22 23 24 25 26 65 66 67 68 69 27 28 29 30 31 32 33 34 1
Trip 7 (DEM=500)(DIST=590.367) =  1 71 70 110 109 108 107 149 150 151 111 112 113 114 115 116 117 157 158 118 119 120 121 82 80 79 78 1
Trip 8 (DEM=500)(DIST=984.136) =  1 159 199 198 197 196 237 238 239 240 200 201 241 202 203 204 205 165 166 167 206 207 208 209 210 169 168 1
Trip 9 (DEM=530)(DIST=879.033) =  1 179 219 218 217 216 215 214 173 213 212 211 172 171 170 128 129 130 131 132 133 134 95 94 92 91 1
///////////////////////////////////////////////////////
kelly02.ccvrp	9983.5	2.81
Trip 0 (DEM=690)(DIST=1051.77) =  1 139 179 178 217 257 258 218 219 259 260 220 261 221 222 183 182 181 180 140 141 142 143 144 107 106 105 104 103 102 101 100 99 98 62 63 1
Trip 1 (DEM=700)(DIST=395.566) =  1 36 35 34 33 32 31 30 29 28 71 70 69 68 67 66 65 64 27 26 25 24 23 22 21 61 60 59 58 57 56 55 18 19 20 1
Trip 2 (DEM=340)(DIST=285.706) =  1 4 5 6 46 45 44 84 83 82 121 42 43 3 2 41 40 39 38 1
Trip 3 (DEM=680)(DIST=1382.84) =  1 262 302 301 300 299 298 297 296 256 255 295 294 293 292 291 253 254 214 213 212 171 172 173 174 175 215 216 176 177 138 137 136 135 134 1
Trip 4 (DEM=680)(DIST=1490.88) =  1 202 241 280 281 321 242 282 283 243 203 204 244 284 245 285 286 287 247 246 205 206 207 208 248 288 289 249 250 290 251 252 211 210 209 169 170 1
Trip 5 (DEM=700)(DIST=1550.4) =  1 201 279 319 318 317 277 276 316 315 275 274 314 313 312 234 235 195 194 193 233 273 272 232 231 271 311 270 310 309 269 268 267 229 230 190 191 1
Trip 6 (DEM=700)(DIST=597.466) =  1 87 88 89 90 91 92 131 132 133 93 94 95 96 97 54 53 52 51 50 49 48 47 7 8 9 10 11 12 13 14 15 16 17 37 1
Trip 7 (DEM=530)(DIST=1459.83) =  1 320 308 307 306 305 304 303 263 223 224 264 265 225 226 266 227 228 189 188 187 186 185 184 145 146 1
Trip 8 (DEM=680)(DIST=689.569) =  1 72 112 111 110 109 108 147 148 149 150 151 152 192 153 154 155 113 114 115 116 117 119 120 81 80 79 78 77 76 75 74 73 1
Trip 9 (DEM=700)(DIST=1079.47) =  1 118 157 156 196 236 237 278 238 239 240 200 199 198 197 158 159 160 161 122 162 163 123 124 164 165 166 167 168 130 129 128 127 126 125 85 86 1
///////////////////////////////////////////////////////
