kelly01.ccvrp	6325.56	2.067
Trip 0 (DEM=550)(DIST=581.931) =  1 18 17 16 54 53 93 94 134 135 136 137 177 138 139 140 101 100 99 98 97 96 95 55 56 57 58 59 60 61 1
Trip 1 (DEM=550)(DIST=262.397) =  1 27 26 25 24 23 22 21 20 19 15 14 13 12 11 52 51 50 49 10 9 8 7 6 5 4 3 2 1
Trip 2 (DEM=550)(DIST=557.933) =  1 45 44 43 42 81 80 82 83 84 85 125 126 127 128 129 130 131 92 91 90 89 88 87 86 46 47 48 1
Trip 3 (DEM=550)(DIST=602.716) =  1 79 78 77 76 116 117 118 119 120 121 159 158 157 156 155 154 153 152 151 109 110 111 112 113 114 115 75 1
Trip 4 (DEM=550)(DIST=970.117) =  1 122 162 201 161 160 198 199 200 240 241 202 203 204 205 206 207 208 170 169 168 167 166 165 164 163 123 124 1
Trip 5 (DEM=540)(DIST=1250.98) =  1 197 150 149 148 188 187 224 219 218 217 216 215 176 175 174 214 213 212 211 210 209 171 172 173 133 132 1
Trip 6 (DEM=530)(DIST=308.298) =  1 41 40 39 38 37 36 35 34 74 73 72 71 70 69 68 67 66 65 64 63 62 28 29 30 31 32 33 1
Trip 7 (DEM=530)(DIST=814.582) =  1 108 107 106 105 104 103 143 144 145 146 147 186 185 184 183 223 222 221 220 178 179 180 181 182 142 141 102 1
Trip 8 (DEM=450)(DIST=976.604) =  1 225 226 227 228 229 189 190 230 231 191 192 232 233 193 194 234 235 195 196 236 237 238 239 1
///////////////////////////////////////////////////////
kelly02.ccvrp	9986.65	4.205
Trip 0 (DEM=700)(DIST=379.689) =  1 35 34 33 32 31 30 29 28 27 26 25 24 23 64 63 62 61 60 59 58 57 56 96 95 55 54 53 16 17 18 19 20 21 22 1
Trip 1 (DEM=700)(DIST=1434.33) =  1 165 166 167 208 207 206 205 204 203 243 242 281 280 279 320 321 282 283 284 244 245 285 286 246 247 287 288 248 249 289 290 250 251 252 1
Trip 2 (DEM=690)(DIST=830.272) =  1 79 80 81 42 43 44 85 84 83 82 121 120 119 159 160 161 122 123 124 125 164 163 162 202 241 240 201 200 199 198 158 157 117 118 78 1
Trip 3 (DEM=690)(DIST=446.024) =  1 36 37 38 39 40 41 2 3 4 5 6 7 8 9 10 49 48 47 46 45 86 126 127 87 88 89 90 50 51 52 11 12 13 14 15 1
Trip 4 (DEM=690)(DIST=701.593) =  1 69 70 71 72 73 74 75 112 111 110 109 149 148 147 146 145 144 143 142 141 98 99 100 101 102 103 104 105 106 107 108 68 67 66 65 1
Trip 5 (DEM=690)(DIST=1141.43) =  1 77 76 116 115 114 113 154 155 156 195 194 193 153 152 151 150 188 189 190 191 192 232 233 234 235 236 196 197 237 238 239 91 92 1
Trip 6 (DEM=690)(DIST=1140.95) =  1 97 137 138 139 140 178 177 217 216 215 214 253 213 173 174 175 176 136 135 134 133 172 171 212 211 210 209 170 169 168 128 129 130 131 132 93 94 1
Trip 7 (DEM=690)(DIST=1321.21) =  1 179 180 181 221 220 219 218 257 256 255 254 295 296 297 298 258 259 299 300 260 261 301 302 303 263 262 222 223 224 185 184 183 182 1
Trip 8 (DEM=690)(DIST=1458.25) =  1 186 226 225 265 264 304 305 306 266 267 307 308 268 269 309 310 270 271 311 312 313 314 315 277 276 275 274 273 272 231 230 229 228 227 187 1
Trip 9 (DEM=170)(DIST=1132.9) =  1 316 317 318 278 319 291 292 293 294 1
///////////////////////////////////////////////////////
