Golden_1-C17-N241.gvrp	4975	1.411
Trip 0 (DEM=303)(DIST=400) =  1 9 8 7 6 5 4 3 2 41 40 80 81 42 43 44 45 46 47 48 49 50 10 11 12 13 14 15 16 17 18 19 20 21 22 23 24 25 26 27 28 29 30 31 32 33 34 35 36 37 38 39 1
Trip 1 (DEM=123)(DIST=461) =  1 63 62 102 101 141 140 139 138 137 136 96 97 98 99 100 61 60 59 58 57 56 1
Trip 2 (DEM=495)(DIST=2085) =  1 51 52 53 54 55 95 94 93 92 91 132 133 134 135 175 176 177 178 179 219 218 217 216 215 214 174 173 213 212 172 171 211 210 170 130 131 90 89 88 87 127 128 129 168 169 209 208 207 167 166 206 205 204 203 202 241 240 162 163 164 165 124 125 126 86 85 84 83 82 123 122 161 201 200 199 158 159 160 121 120 119 1
Trip 3 (DEM=519)(DIST=2029) =  1 73 74 75 76 77 78 79 118 117 116 115 114 113 153 154 155 156 157 197 198 239 238 237 236 196 195 235 234 194 193 233 232 231 192 191 190 230 229 189 188 228 227 187 186 226 225 224 223 222 221 220 180 181 182 183 184 185 146 145 144 143 142 103 104 105 64 65 66 106 107 147 148 149 150 151 152 112 111 110 109 108 67 68 69 70 71 72 1
///////////////////////////////////////////////////////
Golden_1-C18-N241.gvrp	5012	1.376
Trip 0 (DEM=369)(DIST=1581) =  1 73 74 75 76 77 78 79 117 116 115 114 113 153 154 155 156 157 118 119 120 121 160 161 201 200 199 159 158 198 197 196 195 235 236 237 238 239 240 241 162 202 203 204 205 206 207 208 209 167 166 165 164 163 122 123 124 125 126 86 85 84 83 82 1
Trip 1 (DEM=183)(DIST=318) =  1 41 2 3 4 5 6 7 8 9 10 11 12 13 15 16 14 50 49 48 47 46 45 44 43 42 81 80 40 39 38 37 1
Trip 2 (DEM=450)(DIST=1413) =  1 17 18 19 20 21 22 23 24 25 26 27 28 29 30 31 33 35 36 34 32 67 66 65 64 63 62 103 104 105 146 145 144 143 142 183 184 185 225 226 227 186 187 188 189 228 229 230 231 232 233 234 194 193 192 191 190 150 149 148 147 106 107 108 109 110 111 151 152 112 72 71 70 69 68 1
Trip 3 (DEM=438)(DIST=1700) =  1 56 57 58 59 60 61 102 101 100 99 98 97 96 136 137 138 139 140 141 180 181 182 224 223 222 221 220 219 179 178 218 217 177 176 216 215 175 174 173 214 213 212 172 171 211 210 170 169 168 128 127 87 88 89 90 129 130 131 132 133 134 135 95 94 93 92 91 51 52 53 54 55 1
///////////////////////////////////////////////////////
Golden_1-C19-N241.gvrp	5023	1.936
Trip 0 (DEM=543)(DIST=2280) =  1 56 57 58 59 60 61 100 99 98 97 96 137 138 139 140 141 101 102 103 104 105 146 145 144 143 142 183 184 185 224 223 222 182 181 221 220 180 179 219 218 178 177 217 216 176 136 135 134 175 215 214 174 173 213 212 172 171 211 210 209 208 207 206 205 166 167 168 169 170 131 130 129 90 89 88 87 128 127 126 125 124 165 164 163 123 122 82 83 84 85 86 1
Trip 1 (DEM=156)(DIST=285) =  1 17 18 19 20 21 22 62 63 64 65 66 67 31 33 35 36 34 32 30 29 28 27 26 25 24 23 1
Trip 2 (DEM=480)(DIST=1930) =  1 72 71 70 69 68 106 107 108 109 110 111 112 152 151 150 149 148 147 189 188 187 186 225 226 227 228 229 230 190 191 192 231 232 233 193 194 234 235 195 196 236 237 197 198 238 239 240 241 202 203 204 162 201 200 199 159 160 161 121 120 119 158 157 156 155 154 153 113 114 115 116 117 118 79 78 77 76 75 74 73 1
Trip 3 (DEM=261)(DIST=528) =  1 52 53 54 55 95 94 93 133 132 92 91 51 50 49 48 47 46 45 44 43 42 81 80 37 38 39 40 41 2 3 4 5 6 7 8 9 10 11 12 13 14 15 16 1
///////////////////////////////////////////////////////
