kelly01.ccvrp	6783.31	1.073
Trip 0 (DEM=410)(DIST=334.46) =  1 8 9 10 11 12 52 51 50 49 48 47 89 90 91 92 93 53 54 55 14 13 1
Trip 1 (DEM=410)(DIST=257.661) =  1 36 37 38 39 40 41 2 3 4 42 43 44 45 46 5 6 7 15 16 17 18 1
Trip 2 (DEM=410)(DIST=281.299) =  1 30 31 32 33 34 35 78 77 76 75 74 73 72 71 70 69 68 67 66 65 64 1
Trip 3 (DEM=410)(DIST=635.876) =  1 106 105 104 145 144 143 183 182 181 180 179 178 177 139 140 141 142 103 102 101 100 1
Trip 4 (DEM=410)(DIST=923.676) =  1 217 216 215 214 213 212 211 171 170 169 210 209 208 207 206 204 203 202 241 201 200 1
Trip 5 (DEM=400)(DIST=496.465) =  1 114 115 116 117 157 158 159 160 161 122 84 83 82 121 120 119 118 79 80 81 1
Trip 6 (DEM=400)(DIST=649.363) =  1 88 130 129 128 168 167 166 205 165 164 163 162 123 124 125 126 127 87 86 85 1
Trip 7 (DEM=400)(DIST=626.387) =  1 110 109 108 107 147 146 184 185 186 187 188 148 149 189 190 150 151 111 112 113 1
Trip 8 (DEM=390)(DIST=234.223) =  1 22 21 20 19 56 57 58 59 60 61 62 63 23 24 25 26 27 28 29 1
Trip 9 (DEM=390)(DIST=581.068) =  1 99 98 138 137 176 175 174 173 172 131 132 133 134 135 136 97 96 95 94 1
Trip 10 (DEM=390)(DIST=762.696) =  1 156 155 154 153 193 194 195 196 197 235 234 233 232 231 230 229 191 192 152 1
Trip 11 (DEM=380)(DIST=1000.13) =  1 198 199 240 239 238 237 236 228 227 226 225 224 223 222 221 220 219 218 1
///////////////////////////////////////////////////////
kelly02.ccvrp	10291.3	1.409
Trip 0 (DEM=520)(DIST=300.923) =  1 32 41 2 3 4 5 6 7 8 9 49 50 51 52 53 54 55 56 57 16 15 14 13 12 11 10 1
Trip 1 (DEM=520)(DIST=600.083) =  1 43 83 82 121 120 119 118 117 160 161 122 123 124 125 126 89 88 87 86 85 84 44 45 46 47 48 1
Trip 2 (DEM=520)(DIST=803.471) =  1 98 99 100 139 140 141 142 143 182 181 180 179 219 218 217 216 215 174 175 176 177 178 138 137 136 97 1
Trip 3 (DEM=520)(DIST=1074.27) =  1 166 206 207 208 249 248 288 287 247 246 286 285 284 244 245 205 204 203 243 242 202 201 162 163 164 165 1
Trip 4 (DEM=520)(DIST=1183.85) =  1 191 231 232 233 274 275 276 277 315 314 313 273 272 312 311 271 270 310 309 308 307 268 269 229 230 190 1
Trip 5 (DEM=510)(DIST=698.461) =  1 68 69 110 109 108 148 149 150 189 188 228 227 226 185 186 187 147 146 145 144 104 105 106 107 67 66 65 1
Trip 6 (DEM=510)(DIST=361.692) =  1 35 36 37 38 39 40 42 81 80 79 78 77 76 75 115 114 113 112 111 71 72 73 74 34 33 1
Trip 7 (DEM=510)(DIST=712.504) =  1 90 91 92 132 131 130 129 128 127 167 168 169 209 210 170 171 172 173 133 134 135 96 95 94 93 1
Trip 8 (DEM=500)(DIST=374.597) =  1 24 25 26 27 28 29 30 31 70 64 63 103 102 101 62 61 60 59 58 17 18 19 20 21 22 23 1
Trip 9 (DEM=500)(DIST=807.138) =  1 116 156 157 158 197 196 195 155 154 153 152 151 192 193 194 234 235 236 237 238 198 199 200 159 1
Trip 10 (DEM=500)(DIST=1089.2) =  1 220 259 260 300 301 261 221 222 262 302 303 304 305 306 267 266 265 225 224 264 263 223 183 184 1
Trip 11 (DEM=500)(DIST=1446.4) =  1 211 212 213 214 254 255 256 257 258 299 298 297 296 295 294 293 253 252 292 291 251 250 290 289 283 241 1
Trip 12 (DEM=270)(DIST=838.724) =  1 239 240 280 281 282 321 320 319 279 278 318 317 316 1
///////////////////////////////////////////////////////
