kelly01.ccvrp	6198.11	0.416
Trip 0 (DEM=510)(DIST=814.452) =  1 85 84 122 123 124 125 126 165 164 203 204 205 206 166 167 207 208 169 168 127 128 129 130 89 88 1
Trip 1 (DEM=350)(DIST=135.321) =  1 35 34 33 32 31 30 29 28 27 26 25 24 23 22 21 20 19 1
Trip 2 (DEM=490)(DIST=761.454) =  1 44 45 46 47 86 87 170 209 210 211 171 172 212 213 214 215 175 174 173 91 90 51 50 49 48 1
Trip 3 (DEM=490)(DIST=823.634) =  1 190 189 228 229 230 231 191 192 232 233 234 193 194 195 155 156 157 158 116 117 118 119 120 121 79 1
Trip 4 (DEM=510)(DIST=783.403) =  1 159 160 200 199 198 197 196 235 236 237 238 239 240 241 202 163 162 201 161 82 83 43 42 81 80 1
Trip 5 (DEM=480)(DIST=411.073) =  1 40 41 2 3 4 5 6 7 8 9 10 11 93 92 131 132 133 134 94 95 55 54 53 52 1
Trip 6 (DEM=490)(DIST=703.176) =  1 64 65 66 67 107 106 185 184 183 223 224 225 226 227 186 187 188 147 148 149 150 109 108 1
Trip 7 (DEM=500)(DIST=818.195) =  1 104 105 146 145 144 143 182 222 221 181 180 220 219 218 217 216 176 177 178 179 138 137 136 135 96 97 1
Trip 8 (DEM=490)(DIST=450.954) =  1 12 13 14 15 16 17 18 56 57 58 59 98 99 100 139 140 141 142 101 102 103 63 62 61 60 1
Trip 9 (DEM=490)(DIST=496.445) =  1 39 38 37 36 76 77 78 75 74 73 72 115 114 113 154 153 152 151 112 111 110 71 70 69 68 1
///////////////////////////////////////////////////////
kelly02.ccvrp	9860.23	0.112
Trip 0 (DEM=650)(DIST=1364.34) =  1 87 124 125 126 127 128 129 130 169 170 171 211 210 209 208 248 249 289 288 287 283 282 321 320 281 242 202 241 240 280 239 238 200 1
Trip 1 (DEM=680)(DIST=1299.7) =  1 100 99 98 97 137 138 139 179 178 218 219 260 259 258 298 297 257 256 296 295 294 254 293 292 291 290 250 251 212 252 253 213 214 174 173 172 1
Trip 2 (DEM=650)(DIST=1064.67) =  1 46 47 48 49 50 91 90 89 88 168 167 166 204 205 206 207 247 246 286 285 245 244 284 243 203 165 164 163 162 201 161 122 123 1
Trip 3 (DEM=500)(DIST=352.11) =  1 24 23 22 21 20 19 18 58 59 60 61 101 102 103 62 63 66 65 64 25 26 27 28 29 30 31 1
Trip 4 (DEM=650)(DIST=672.612) =  1 15 14 13 12 51 52 53 54 93 92 131 132 133 134 135 175 215 255 216 217 177 176 136 96 95 94 55 56 57 1
Trip 5 (DEM=640)(DIST=1053.27) =  1 67 68 69 70 109 108 107 106 105 104 147 146 145 144 143 184 264 303 302 261 301 300 299 220 180 181 221 222 182 142 141 140 1
Trip 6 (DEM=640)(DIST=1227) =  1 186 187 188 228 227 226 266 265 305 306 307 267 268 308 309 269 229 230 270 271 231 232 233 191 190 189 148 149 110 150 151 152 153 114 1
Trip 7 (DEM=650)(DIST=1172.38) =  1 79 78 77 76 117 116 115 272 273 313 314 274 234 235 276 275 315 316 317 318 319 279 278 277 237 236 196 197 198 199 159 158 157 1
Trip 8 (DEM=700)(DIST=1166.72) =  1 37 36 35 34 33 32 71 72 73 74 75 111 112 113 154 155 156 195 194 193 192 312 311 310 304 263 262 223 183 224 225 185 1
Trip 9 (DEM=640)(DIST=487.41) =  1 17 16 11 10 9 8 7 6 5 81 42 43 44 45 86 85 84 83 82 121 120 160 119 118 80 38 39 40 41 2 3 4 1
///////////////////////////////////////////////////////
