kelly01.ccvrp	6054.42	3.054
Trip 0 (DEM=540)(DIST=868.164) =  1 32 33 34 74 73 72 191 192 193 234 233 232 231 230 229 228 189 188 187 227 226 225 224 144 145 104 105 106 1
Trip 1 (DEM=540)(DIST=739.369) =  1 99 138 137 136 175 174 173 133 172 211 210 171 170 169 129 128 127 126 88 47 46 45 44 6 5 4 3 2 1
Trip 2 (DEM=550)(DIST=792.749) =  1 39 80 121 82 83 122 123 164 163 162 241 202 203 204 205 207 206 167 166 165 125 124 84 85 86 87 7 1
Trip 3 (DEM=550)(DIST=705.412) =  1 79 119 159 158 198 197 196 195 235 236 237 238 239 240 201 200 199 160 161 120 81 42 43 41 40 1
Trip 4 (DEM=500)(DIST=290.085) =  1 28 29 30 31 71 70 69 68 66 65 64 62 61 60 19 18 17 16 15 14 13 12 11 10 9 8 1
Trip 5 (DEM=530)(DIST=594.816) =  1 27 67 107 108 109 110 149 148 147 146 186 185 184 183 223 222 182 142 143 103 63 23 24 25 26 1
Trip 6 (DEM=550)(DIST=814.945) =  1 55 94 134 135 176 177 217 216 215 214 213 212 209 208 168 130 131 132 93 92 91 90 89 48 49 50 51 1
Trip 7 (DEM=540)(DIST=660.16) =  1 22 21 20 56 57 58 59 100 101 102 141 140 180 181 221 220 219 218 178 179 139 98 97 96 95 54 53 52 1
Trip 8 (DEM=500)(DIST=588.723) =  1 35 75 115 114 113 112 111 150 190 151 152 153 154 194 155 156 157 116 117 118 78 77 76 36 37 38 1
///////////////////////////////////////////////////////
